32767
32767
18749
8580
-13124
-32768
-31185
-15273
-6369
11061
32767
30887
16989
6674
-14132
-32768
-29789
-13737
-4918
10977
32767
31018
16344
6307
-14468
-32768
-30040
-13966
-5277
11973
32767
31408
16415
5685
-15290
-32768
-30238
-14451
-5359
12358
32767
30862
17296
5900
-15402
-32768
-29877
-14359
-4900
11963
32767
30830
16863
6392
-15166
-32768
-30014
-14261
-5386
12706
32767
30817
16662
5849
-15605
-32768
-30214
-14363
-4739
12359
32767
30540
16157
6390
-14112
-32768
-29482
-13956
-5902
11189
32767
29757
15944
7066
-13164
-32768
-28772
-14127
-6562
9690
31785
29898
16433
7942
-11638
-32768
-29133
-14154
-7426
9689
31901
29336
16003
7773
-12165
-32768
-29439
-14286
-7117
10152
32767
30135
15476
7281
-11626
-32768
-29374
-14108
-7413
9955
32616
29971
16316
8120
-11835
-32768
-29690
-15807
-8443
10717
32767
30997
17946
8828
-11958
-32768
-31181
-17066
-9317
9535
32767
31522
17123
9389
-10252
-32768
-30592
-15775
-9327
8674
32767
30107
16377
10255
-9206
-32466
-28667
-15623
-10220
8427
31829
28737
16641
10541
-9166
-31744
-29053
-16860
-10508
7678
30749
29142
16958
10901
-8026
-30783
-28569
-16477
-10900
7046
30879
29199
16443
10987
-7009
-30698
-29100
-16289
-10870
6950
30727
29619
17035
10724
-7895
-30971
-29739
-17576
-10070
8119
31249
30370
17423
10213
-8454
-31697
-30069
-16417
-10034
7705
31619
30259
16382
10007
-7810
-31655
-30169
-16045
-9311
8323
31533
30334
16456
9395
-8097
-32130
-31136
-16887
-9577
8504
32245
31142
16636
9674
-8455
-32768
-31603
-17125
-9468
8506
32767
31470
16741
9619
-8227
-32768
-31565
-16698
-9514
8752
32767
31348
16303
9516
-8737
-32768
-32242
-17100
-9202
10308
32767
31554
16887
9255
-9431
-32768
-31959
-17217
-9184
10171
32767
31535
16894
9172
-9319
-32768
-31874
-17885
-8642
10659
32767
31074
16787
8326
-9974
-32768
-31061
-17380
-8801
10517
32760
30894
17300
9152
-9406
-32768
-31525
-17797
-9778
10508
32767
31387
17258
9216
-9441
-32768
-31978
-17870
-8485
10842
32767
31624
16410
7423
-10031
-32768
-31971
-16596
-7751
11078
32767
32307
16323
7321
-10265
-32768
-32768
-16625
-7687
12012
32767
32649
16257
7486
-10197
-32768
-32768
-17717
-8483
10824
32767
32767
16418
7291
-9836
-32768
-32749
-16269
-7420
10414
32767
32767
15236
6415
-9441
-32768
-32768
-14820
-6647
11096
32767
32644
14018
5830
-9496
-32768
-32768
-14989
-6751
11271
32767
32505
14146
6157
-9268
-32768
-31725
-13496
-6863
11311
32767
30799
13224
6535
-10093
-32768
-31964
-15492
-8002
11804
32767
31712
15235
7545
-10311
-32768
-31471
-16169
-8287
12204
32767
31248
14867
7320
-10757
-32768
-31928
-15786
-7556
13096
32767
31148
14766
7040
-12354
-32768
-31231
-14827
-7751
13841
32767
30938
15153
7152
-12457
-32768
-31343
-15922
-8102
13130
32767
30629
15605
7757
-12024
-32768
-30593
-16093
-8433
12849
32767
30336
15675
7288
-11978
-32768
-30424
-16026
-7713
12858
32767
29764
15528
6960
-11944
-32768
-30161
-16511
-8079
12740
32767
29493
15266
7437
-11505
-32768
-29412
-14791
-7310
11932
32767
29283
14299
6653
-11219
-32768
-30165
-14809
-6613
12586
32767
29514
13912
6106
-11002
-32768
-30569
-14461
-6795
12068
32767
29875
13774
5977
-11179
-32768
-29745
-14522
-6859
11962
32767
29923
13752
7292
-10277
-32768
-31082
-14610
-7803
10698
32767
31256
14350
7616
-9268
-32768
-32768
-15366
-8263
10091
32767
31705
14079
7196
-10208
-32768
-30919
-13771
-7144
11351
32767
30298
13021
6997
-9956
-32768
-30197
-13247
-7678
10595
32767
29175
13167
6918
-10861
-32768
-29185
-14218
-6983
11690
32767
29151
13930
6542
-10638
-32703
-29667
-14779
-7193
11180
32767
29218
14355
6667
-11499
-32595
-28732
-14814
-6172
12785
32630
28497
14239
5732
-12084
-32429
-29029
-14227
-6156
12140
32421
28927
14847
6262
-12198
-32768
-29237
-15371
-6328
12851
32767
29183
15181
6396
-12389
-32768
-29698
-16064
-6747
12838
32767
29600
16110
6901
-13169
-32768
-29463
-16409
-6485
13815
32767
29130
15984
6551
-13366
-32768
-29476
-16808
-6894
13385
32767
29772
16056
6863
-12548
-32768
-30113
-16232
-6661
13175
32767
30060
16048
6723
-13276
-32768
-30042
-16206
-6352
13804
32767
29654
15630
6504
-13201
-32768
-29702
-15722
-6696
13421
32767
29603
15093
6428
-13171
-32768
-29711
-15331
-5973
13907
32767
29792
14618
5813
-13740
-32768
-29855
-14838
-5564
13939
32767
29606
14244
5748
-12590
-32768
-30043
-14943
-6332
12891
32767
30344
14498
5837
-13183
-32768
-30780
-14710
-5270
13489
32767
30935
15208
5462
-13223
-32768
-31215
-15301
-5372
13783
32767
30890
15284
5337
-13659
-32768
-31074
-15425
-5266
14096
32767
30458
15158
5340
-13969
-32768
-30654
-16039
-5742
14478
32767
30611
15905
5723
-14648
-32768
-30577
-15903
-5362
15337
32767
29556
15620
5283
-15434
-32768
-28937
-15286
-5498
15798
32767
28410
15840
5993
-15350
-32768
-28822
-16062
-5671
15707
32767
28867
16178
5778
-15668
-32768
-29167
-16380
-6191
15211
32767
29605
17022
6874
-15162
-32768
-30178
-16997
-6968
15259
32767
29949
16884
7227
-15781
-32768
-29532
-17070
-6808
16105
32767
29338
16246
6287
-16204
-32768
-29133
-15779
-5877
15591
32767
29343
15998
6008
-15468
-32768
-29923
-15771
-5540
15179
32767
29859
15363
5579
-15193
-32768
-29520
-14994
-5149
15464
32767
29176
14370
4850
-15136
-32768
-29181
-14353
-4568
14297
32767
29670
14131
4464
-14518
-32768
-29278
-13896
-4292
14273
32767
29257
13960
4084
-14914
-32768
-28941
-13575
-3812
14963
32767
29106
13746
4213
-14890
-32768
-29058
-13650
-4203
14372
32767
29330
13926
4315
-14180
-32768
-29168
-13442
-4135
14157
32767
28608
13928
4048
-14624
-32768
-28954
-14040
-3929
14820
32767
28974
14306
3882
-15446
-32768
-28618
-14245
-4025
15329
32767
28789
15003
4254
-16289
-32768
-28658
-15104
-4443
16392
32767
28694
15420
4455
-16873
-32768
-28692
-15445
-4536
16899
32767
28238
16378
4731
-17376
-32768
-28088
-15843
-4387
16866
32767
29298
16667
5138
-16282
-32768
-29462
-17122
-5837
16040
32767
29538
17011
5021
-17423
-32768
-29325
-16291
-4276
17518
32767
29857
16523
4327
-18071
-32768
-30119
-17232
-4611
16910
32767
31348
17039
4666
-16616
-32768
-30237
-16254
-4498
16511
32767
29918
16110
3710
-17609
-32768
-29453
-14961
-2802
17098
32767
29648
14615
2753
-17421
-32768
-29399
-14144
-2642
16680
32767
29971
14564
2074
-17553
-32768
-29482
-14845
-2570
17009
32767
30196
14806
1984
-18568
-32768
-28865
-13701
-1722
17624
32767
29300
13519
2038
-18689
-32768
-29006
-13409
-1758
17919
32767
29990
14512
2032
-18533
-32768
-29693
-14516
-2699
17722
32767
30022
15199
2474
-19146
-32768
-29788
-14604
-2373
18158
32767
29924
15722
3139
