94883
114297
93927
101120
91204
95890
92453
91176
91703
90782
92669
95786
91313
90428
94421
97363
96933
96173
92354
96685
90830
88825
95607
93140
93180
102605
97277
101217
104820
98858
88592
99311
99743
106286
111121
112560
99805
108691
106445
111417
107206
119296
111193
113625
121576
108508
124467
125285
109404
119664
117698
122977
140744
125667
144347
136792
137686
130790
127653
124225
136775
142222
157580
151362
158744
161659
169843
151556
155985
135443
175057
201209
178317
185082
209349
205180
221082
217581
253856
216852
236672
229098
236470
273413
295031
295207
358355
340639
365359
371555
436462
380789
530243
544078
656592
658456
655716
851022
1125423
1541289
2113348
3598373
11418297
8516473
2989989
1603730
1398835
1160940
968379
776633
632953
539450
524039
497593
398808
343031
344045
314186
310672
297523
293343
261254
203456
243206
230421
223000
216924
195337
190810
168941
162302
155154
161194
160646
178711
157616
161229
154503
136911
126144
132966
122377
116822
108096
113882
122202
108515
102918
111700
83661
101710
88970
97891
80413
92291
95460
89105
86728
87363
85874
80318
75522
64862
80624
69722
64905
80706
69443
58110
71266
68890
61120
68983
48031
54764
59016
60928
47630
63135
60257
64520
60363
57747
56538
63282
59998
44376
51820
47438
50351
56283
52033
44612
48510
45420
50563
47391
41180
49129
56389
54827
59514
77760
122162
136363
68586
154696
75711
43846
28998
30588
35046
32459
32536
43777
30966
33361
30180
29199
29041
26185
31567
35104
28252
33089
29500
33947
31929
33531
31419
28555
28690
25195
34173
35830
30599
31336
28231
28695
28446
32307
27900
36082
33972
32835
25407
31680
26601
28099
25272
32065
33161
30191
25521
30586
23341
25799
28188
26184
40592
15427
32725
25619
40086
24396
30137
29614
29332
31493
38911
34058
33880
27594
30807
22994
28177
12698
36106
10401
34896
16385
36038
2105
30146
28997
21702
30279
49359
38777
43195
28136
28491
31393
43185
54600
71468
55795
45863
73753
22281
35519
206361
77926
118951
26778
193198
443662
2379670
946714
267101
252166
136416
62579
128777
117404
49506
118051
70752
41887
74026
40593
69704
49449
38966
26618
41218
26247
40531
20933
40634
42743
14519
20959
29941
30147
40887
30904
36343
14224
5328
15583
26647
48068
33127
13101
23848
17086
20952
26756
20184
22465
28661
26811
36643
14808
22554
17877
24055
12128
21186
23526
21529
34111
14337
19954
13618
24193
20894
22089
18746
20039
19935
25052
15394
14079
10917
10535
5958
14253
15124
18197
15132
12718
18780
16866
12275
15825
11542
13848
15934
9211
18768
18101
16717
20562
18894
19524
17258
17140
11720
10512
11433
12673
22643
16903
19039
21125
32485
67084
43755
39698
74481
33098
31367
31514
26020
23398
23465
18221
21237
18832
18371
19122
17369
19239
19176
18109
21614
20241
19933
19126
16949
16690
15701
17150
17426
15973
12463
17505
16257
17475
9323
25405
11572
15449
19141
16623
14540
17678
17388
18179
16352
18671
19557
19312
15401
17678
14554
14328
15015
16844
13792
20403
15344
13365
17696
18569
20180
15386
20951
16254
19526
12677
15021
14846
7449
14968
13439
6604
18325
11193
6474
13905
10166
7885
16479
31240
17821
10107
14461
11779
20439
23520
18678
28152
11310
7089
19529
25515
21512
5833
43454
5964
22317
23327
39530
13980
17830
29648
55003
65986
51443
