32767
31428
12223
9365
-6089
-31947
-30294
-13561
-8677
5605
29681
32068
14829
9260
-5674
-32768
-30533
-17258
-11918
6465
32297
32767
14945
11239
-2534
-32768
-32400
-12691
-9765
3443
32260
32253
12140
9591
-2500
-32768
-32768
-11838
-9981
2748
32767
31745
12657
9356
-3848
-32768
-32519
-13574
-9422
4750
31510
32039
15614
9498
-6837
-31598
-32691
-17268
-8899
4923
31241
32767
16415
9536
-4137
-31166
-32768
-15240
-9691
3729
31865
32767
16304
10045
-4668
-32768
-32768
-15818
-9982
4018
32641
32767
14854
10109
-3879
-32686
-32768
-14068
-9848
4029
32767
32767
15103
9925
-5424
-32768
-32768
-14817
-9682
6315
32767
31823
14409
10054
-6161
-32768
-31851
-13862
-10183
5872
32767
31402
14347
10047
-5741
-32768
-31370
-14067
-9943
6014
32698
30385
13388
9156
-5750
-31861
-30345
-12976
-8793
5277
31701
30301
13195
8219
-5747
-31052
-30552
-13084
-7864
5847
30803
30621
13022
8737
-4316
-31014
-31780
-13918
-9320
3882
30855
30807
13329
10515
-3560
-31453
-31138
-13839
-10934
3476
32395
31420
14200
11901
-2992
-32179
-31039
-14221
-13371
2118
31994
30498
14281
14969
-889
-32087
-30174
-14819
-15820
323
32767
30820
16352
18727
-1167
-32768
-31556
-17031
-19463
-118
32767
29342
15843
19276
-1727
-32571
-28076
-16286
-19030
3494
32752
26126
16928
20132
-3710
-31528
-26202
-18588
-20527
2221
31265
26480
18357
21746
-1391
-30424
-25538
-17067
-21445
289
32767
25732
14526
20019
-2229
-32768
-26002
-14651
-18700
2757
32767
27015
14589
17212
-2918
-32768
-26680
-12469
-15479
3378
32767
26837
10709
12684
-4225
-32304
-27629
-11909
-11378
3934
30730
28381
12289
10460
-2969
-29470
-28178
-12602
-10520
2226
28631
28382
13257
9344
-3123
-27392
-28723
-13999
-8385
3277
26807
30659
14490
6857
-3337
-28115
-31642
-13486
-5894
4698
29315
32767
14155
5995
-4743
-30776
-32768
-14794
-5930
4894
31462
32767
15918
6594
-3984
-31312
-32768
-15739
-8568
2246
32267
32767
17197
9985
-3077
-32768
-32768
-17258
-9797
3820
32767
32767
16432
9401
-4646
-32768
-32768
-15397
-8857
5267
32767
32767
14533
8178
-5267
-32563
-32768
-13549
-8976
4052
32512
31803
12896
9297
-4567
-32768
-30750
-12025
-9754
4965
32767
30533
11765
9673
-5538
-32768
-30796
-12019
-9474
6323
32767
30137
12163
9538
-6019
-32768
-30005
-11896
-9103
5142
32767
30226
11466
9032
-4872
-32768
-30070
-11308
-9690
4542
32767
30578
11666
10029
-4493
-32768
-30939
-12074
-9991
3962
32767
30944
11181
10054
-4244
-32768
-30122
-10998
-9555
4733
32767
30978
12147
9016
-4580
-32768
-31457
-11845
-8790
4920
32767
31461
11717
9105
-5211
-32768
-31544
-12554
-9116
5093
32767
32199
13830
8386
-5313
-32684
-32768
-14707
-8743
5501
32632
32767
15251
8409
-5764
-32695
-32768
-15194
-8279
6180
31971
32767
15681
7480
-6668
-31247
-32646
-15819
-7269
6998
31369
32767
16202
7328
-7182
-31663
-32768
-16637
-7227
7447
31035
32767
17682
7362
-7118
-29947
-32768
-17896
-6181
7354
28985
32767
17391
7191
-6330
-30187
-32768
-17956
-8600
5793
31273
32767
17688
9851
-5610
-32075
-32768
-17629
-10705
6512
32132
32503
18076
10791
-6289
-32321
-31875
-16883
-10216
6218
31296
30992
15270
8873
-6791
-32100
-30966
-14374
-8538
6526
32222
29589
13909
10010
-6137
-32723
-29695
-12745
-9379
7742
32767
28441
12385
9470
-7223
-32768
-28613
-12204
-10772
6313
32767
28492
12470
11208
-4383
-32636
-29739
-12292
-12281
2512
32767
30196
12675
14348
-76
-32768
-31113
-13559
-15654
-1727
32767
31540
12951
15655
1103
-32768
-31292
-12285
-14955
-372
32767
31892
13209
14684
356
-32768
-32101
-12666
-13133
-168
32767
31922
12710
12254
-989
-32768
-32761
-12742
-11385
2235
32767
32767
13344
11156
-3009
-32768
-32768
-12814
-10106
2909
32767
32767
12975
10007
-3569
-32768
-32636
-12848
-10118
4227
32767
32767
13978
9846
-5228
-32768
-32768
-14401
-9769
5001
32767
32767
14818
10318
-5581
-32768
-32715
-14986
-10252
6337
32767
32209
15300
9601
-6944
-32768
-31423
-14858
-8899
6686
31858
30341
14964
9536
-6747
-31701
-31159
-15216
-9565
5814
32014
30992
14328
10338
-5473
-32768
-30793
-13564
-10495
5111
32767
30657
13339
10238
-4943
-32768
-30707
-12686
-9608
4774
32613
30538
12681
9918
-4556
-32658
-31261
-13387
-10043
4004
32761
31375
13212
10467
-3861
-32573
-31661
-13158
-10188
3923
32417
31102
12543
10015
-3622
-32364
-31493
-11899
-9162
3523
32767
31862
11667
9451
-3222
-32768
-32305
-11667
-9346
3010
32767
32289
11556
9938
-2843
-32768
-32172
-11345
-10081
1803
32767
32767
10440
9706
-1937
-32768
-32588
-10801
-9703
2642
32767
32767
12020
9760
-2715
-32768
-32768
-11512
-9876
2403
32767
32767
11075
9834
-2911
-32768
-32768
-11695
-10270
3397
32767
32490
12593
9856
-4116
-32768
-32261
-12395
-10119
3997
32767
32148
12293
9665
-4564
-32768
-31617
-12373
-9886
5112
32767
31991
13728
9374
-5696
-32768
-32064
-13904
-9282
5538
32767
32699
14466
9403
-5305
-32768
-32639
-14462
-9597
5257
32307
32177
14915
9028
-5258
-31270
-31827
-14794
-8371
5457
30899
31730
15002
8532
-5673
-31115
-32161
-14957
-8825
5037
31374
31737
14074
9317
-4509
-31539
-30961
-13165
-10034
3830
31067
30331
13098
9806
-3561
-30165
-29628
-12876
-9710
3409
29624
29090
12859
9604
-3724
-29683
-28898
-12404
-9494
3627
29987
28930
12171
10002
-3185
-30377
-29101
-11353
-9984
2527
30261
28656
10506
9625
-2975
-30642
-29018
-10790
-9694
2705
31140
29591
11216
10658
-1998
-31615
-29945
-10734
-11394
1620
32767
30027
11397
12725
-1276
-32768
-30322
-12122
-13930
68
32767
31297
11711
13481
-733
-32768
-30945
-10902
-12922
908
32767
31025
11945
12563
-1300
-32768
-30954
-12085
-12456
1253
32576
31085
12174
11402
-2490
-32573
-30609
-11695
-11079
2818
31985
29863
11598
10093
-3295
-31524
-29245
-11489
-10285
3384
31193
28993
11796
8983
-5000
-31516
-28787
-11266
-8647
5366
32005
30040
12078
8034
-5838
-32196
-30604
-12357
-8013
5893
32103
31072
13456
7885
-6148
-31763
-31230
-13569
-8181
5610
31665
31772
14154
8335
-5350
-31305
-31712
-14217
-7651
5671
30419
31516
15194
9088
-5020
-30198
-32067
-15648
-9575
4142
30591
31533
14761
9644
-4102
-30841
-31495
-13802
-9590
3556
31483
31980
13747
9714
-3141
-31447
-31855
-12967
-8880
3388
31217
31765
12836
8486
-3860
-31488
-32433
-12934
-8424
2688
31262
32767
13192
9467
-2402
-31511
-32768
-13869
-9708
2633
31948
32767
13437
9851
-2728
-32175
-32277
-12928
-9832
3307
32376
31768
12559
9669
-3963
-32768
-31688
-11874
-9491
3410
32767
31472
11139
9655
-3714
-32768
-31199
-11379
-8759
3143
32767
31571
10315
7855
