78104
78301
81891
81873
82667
79581
77550
85935
80427
84304
82577
95060
86280
85018
86587
79801
77781
73841
89590
85646
80924
75385
79036
85963
92511
78883
89121
81706
89580
98802
106344
87292
101100
98063
108284
107192
105264
96209
86888
109067
103640
100739
85342
98511
98273
138059
114560
119493
108808
110820
101147
107158
133868
116390
88906
86582
112739
124563
132556
109234
101687
140217
139110
140634
109198
133657
148871
141158
136128
114633
165427
180311
166321
186758
186591
153190
158552
240821
215315
209756
225354
262609
256518
249117
243520
324234
229336
323572
380761
437366
439532
401729
388210
325932
550990
763246
847558
793109
1002956
1401089
2175074
3155843
11206780
7651545
2694473
1522836
1355239
1100045
971521
493983
644449
370218
520299
510614
397518
300674
344835
314109
315246
241430
265542
239223
229861
187225
178706
221369
208038
153573
98978
158978
172523
122795
107247
130209
67835
136207
114997
122452
80824
95718
94142
100066
95799
102560
79402
70800
97319
95013
92579
90271
91907
73907
67232
66657
60272
73605
73433
77746
67668
62398
85029
68355
63774
76635
64198
66852
57633
62450
62259
48352
52587
57355
44764
70607
62530
55754
48110
58763
48097
46946
52889
56744
53163
41225
38246
31080
59951
48444
55009
39364
46696
43827
49242
41573
37923
34934
40462
39306
50223
41540
43133
51833
45681
24056
34946
36161
48805
29220
41863
28997
35250
23993
35783
38700
42821
46329
38117
37681
36255
37856
35626
38897
40721
34288
44719
32974
31263
34818
33891
35701
32132
29433
31187
36384
24559
26692
33683
28703
32905
26811
20754
19730
33185
31769
26543
22575
12558
28045
31177
33439
27405
19875
31781
30314
15377
24466
45239
41423
36754
57318
51095
43771
54764
28941
29721
44828
39528
32356
37144
61246
60971
52161
40686
49022
70915
65319
37103
40110
51718
60369
74465
51379
75105
62547
82150
84997
68890
47947
74864
32701
72197
46905
9750
42438
132517
74023
30052
90242
209478
225609
331462
421994
191895
244016
456561
199962
662829
4252500
879561
497991
411866
268503
225389
269032
174401
306453
179402
33249
80130
98697
71721
104788
104642
92198
25627
41546
39181
89659
15351
16172
29770
21915
30324
6644
30402
41137
69925
12145
41369
13591
41853
38321
34837
22754
18996
51770
27549
10201
6817
12994
10525
33512
15967
7343
20324
24781
39741
26280
20834
17885
19441
14711
6860
10025
17651
12638
3042
14520
982
22602
12555
13738
20339
9001
6508
13774
9205
19010
9489
9883
6468
8426
15047
13887
7813
12919
16940
19316
9518
17903
21480
14115
15875
21213
22940
19664
25782
18764
17712
16319
19018
25653
10298
1869
10047
25579
9168
20327
3054
8421
17381
14204
13903
6186
5896
11743
18056
10439
6264
5112
5133
7649
2925
6063
2952
2011
3344
4173
6241
1587
4988
904
5112
2621
6473
6672
3753
6306
13300
7561
4671
7535
21564
12952
12436
14099
3007
8855
7119
16936
10959
8584
4707
3413
3044
13287
9324
9553
6545
14400
4343
18047
7056
11917
5274
6707
11428
10959
7903
9915
7472
4787
4301
7949
9794
5386
13914
9663
13932
5420
3822
13869
9266
6179
6729
6694
8479
10980
18359
17080
11216
7868
8711
7540
13554
21056
11486
16510
17523
29172
21641
9084
13979
30534
32020
18876
48181
35164
25563
14818
25161
33911
