79159
52862
58737
74344
43469
55782
61911
45660
61717
57890
55025
61823
59510
54702
59903
56131
55972
55484
71289
64724
58245
68782
69541
56459
69715
58426
69126
66207
71497
65529
74224
64559
68319
66523
68089
71684
66126
81187
80356
72140
58298
74453
72521
84367
80786
87414
85137
78256
89572
92525
79471
86130
105711
98457
91118
102262
111834
97104
112836
88424
93859
128981
123467
112925
97905
131226
150084
155431
114128
157130
115276
154851
193704
198195
142471
201863
162341
235006
214147
201026
214983
219077
288296
251380
303076
277725
295048
294261
410073
370783
387574
360356
418332
595228
604533
756077
952822
858521
1130987
1854419
1992741
3477509
12316601
8441800
3218576
2081802
1375377
946496
849614
833426
676391
645023
585339
480819
454261
475223
400408
314363
336322
422569
233701
282857
307372
267170
278019
237308
212772
199797
255708
238020
182407
153859
144110
167700
162514
181564
141340
186164
140997
135139
166204
140653
192499
148887
104435
149388
117073
144557
119925
111935
119363
148047
121408
115565
131132
111587
127924
111331
110604
98992
102579
112952
109693
92861
96217
80528
90271
91469
98209
86644
92814
77335
106250
84702
96818
91391
66192
102583
81188
78692
77365
80114
67333
81539
84977
83919
69784
75602
67259
73810
83019
66057
67757
65868
76060
76729
78800
49934
63165
96353
87226
48869
102368
117362
175437
425735
65419
50510
49950
84130
55064
8695
58847
64821
43655
56916
51935
64098
58719
60374
49645
55101
44902
58044
56695
48676
67251
57620
48395
53063
40986
67171
53392
46675
43666
51768
63111
48995
58206
60337
42131
50577
60137
37517
53073
56718
54979
41838
44735
48152
73505
65797
37383
52391
45726
59136
76516
48645
75590
60796
58264
39368
41170
41601
67789
46092
60848
45564
53994
57494
70748
13899
71107
41963
54303
10457
105667
58126
73074
84180
41064
19002
91537
91776
71050
55208
58720
78143
81180
39548
73371
80147
48418
65895
81374
70328
73048
120928
86606
109356
117269
27917
193363
164791
144711
320138
514586
2456633
767979
36895
48224
196723
93534
129686
148367
20110
99306
36375
60172
28937
33361
15763
16073
4848
28281
43299
24873
26757
17272
6268
6287
6355
23319
9748
7984
13190
16441
27283
22609
28806
27140
15869
19405
44670
6889
43094
28674
19098
21549
29145
27047
16405
16505
12234
32870
33422
10528
27564
16302
29872
10322
29923
19553
26559
19294
17025
30334
24197
20289
18440
28621
27169
38703
21440
37553
35446
14371
30913
16899
17281
18241
26650
16376
21911
29612
25564
19477
28150
25425
16967
22283
17049
14448
32098
17983
23133
31057
19764
27237
25319
23031
32354
26033
24247
30848
28226
36679
22699
27665
38352
21475
7023
21567
13925
36168
24006
8384
29735
22435
17119
16666
20640
24539
19225
29635
24456
21531
31108
18281
21767
26592
21225
23224
27121
19719
24829
23644
17525
18755
29837
21318
26191
17381
22228
23721
27692
24486
19742
20503
15140
24721
23768
22486
24741
16922
32614
25822
25598
20781
25579
21509
28931
23121
25314
25800
22065
26955
18466
19962
24247
20363
18007
21744
24525
14390
23433
28977
22234
31120
17202
17755
28177
22494
21624
18180
23107
15080
26022
25069
24382
18982
31554
17664
16617
16497
28781
28442
12448
23548
44810
9032
25015
52692
30452
22818
43397
24891
43130
27086
18600
47973
30406
