-13288
5688
30827
32767
23413
14197
-6978
-32674
-32768
-21290
-12558
6000
30677
32767
23169
14588
-6894
-32401
-32768
-21565
-13842
5623
31075
32767
23164
14620
-7572
-32768
-32578
-20497
-12757
7225
31511
32084
21806
13031
-10111
-32768
-31246
-19541
-12389
7003
31485
32506
21866
14118
-7417
-32768
-32693
-20382
-12642
5800
30537
32652
22771
14701
-7197
-31804
-32248
-21507
-14406
5587
30207
32348
23378
15058
-7645
-31394
-30864
-21269
-13472
5551
28972
31246
22472
14681
-6480
-30902
-30293
-20492
-14597
4482
28712
30877
22713
15753
-5900
-29938
-30404
-20722
-15214
4291
28974
30732
21971
14822
-6711
-29966
-29408
-19866
-13869
4635
28882
30590
20727
14661
-6097
-30414
-30318
-20122
-13241
5058
28550
31171
22766
14139
-6565
-29235
-30591
-21180
-13747
4281
28093
31092
22672
15456
-6077
-30979
-32031
-21483
-14184
4875
29403
32246
23462
15090
-6116
-31100
-32353
-21254
-13857
4832
30366
32767
23034
14574
-6907
-32218
-32768
-20967
-13484
5591
30772
32767
23455
14809
-7095
-32565
-32768
-22461
-14216
6424
31093
32681
23816
15752
-7205
-32768
-32768
-21805
-14124
6797
31637
32719
23432
15132
-8129
-32768
-32768
-22112
-13997
6729
30698
32257
23435
15245
-7098
-31752
-31742
-21121
-13767
5446
28857
30681
23507
14933
-7445
-30359
-30043
-20736
-14341
5965
29427
31421
23519
15297
-7508
-32188
-32341
-21387
-13441
5880
30270
32767
23611
14489
-7281
-32643
-32768
-21121
-12672
5390
30029
32767
24034
13952
-7816
-31848
-32768
-20823
-12269
5631
29266
32645
22771
13354
-6852
-31337
-32676
-20010
-12719
4633
29957
32767
22661
13140
-6727
-32164
-32768
-19731
-11856
4744
30375
32767
21642
12697
-6692
-32768
-32768
-18727
-11510
4630
31008
32767
20297
12426
-6770
-32756
-32768
-17877
-9996
5164
30389
32767
20254
10784
-6343
-32320
-32768
-17668
-8822
5915
30505
32639
18624
10114
-7782
-32333
-32529
-17010
-8749
6528
30475
32458
18879
10412
-6755
-31939
-32768
-17340
-9559
5664
30646
32767
19481
11322
-6702
-32010
-32768
-18534
-10405
4766
29422
32767
21056
12207
-5183
-30856
-32768
-20016
-10917
5603
30313
32767
21118
12169
-6855
-31836
-32768
-19739
-11511
5261
30056
32767
21665
12866
-5864
-31438
-32768
-20646
-11432
5531
30842
32767
22239
12584
-6922
-32433
-32768
-21111
-11805
5753
30848
32767
23666
13108
-6432
-32000
-32768
-22043
-12849
4806
30562
32767
24131
14090
-5876
-32768
-32768
-22240
-13593
4852
32017
32767
23010
14168
-6274
-32768
-32768
-21008
-13751
4754
31335
32767
23308
14358
-6231
-32422
-32768
-20614
-13100
5260
30844
32767
21725
13365
-7157
-32768
-32533
-19195
-13026
5643
31534
32564
20685
13906
-6512
-32768
-32382
-19228
-13670
4675
30771
32767
22362
14762
-6655
-32768
-32411
-19768
-13566
4745
30501
32767
22122
14829
-6051
-32248
-31882
-19875
-15049
4135
30620
31930
21463
16018
-4784
-31775
-31148
-20630
-15269
4238
30510
32280
22625
16293
-6031
-32514
-32059
-20111
-14553
4401
30585
32027
22149
15905
-5753
-32061
-31858
-21862
-15072
4607
29615
32425
23728
16262
-6020
-31343
-31873
-21151
-14857
4108
29240
30551
21505
15713
-5049
-29908
-28602
-19118
-14109
3922
27239
29842
21742
14991
-6463
-31583
-31457
-20020
-13719
4572
29401
30850
21695
15762
-5650
-31412
-30452
-19964
-14562
3564
28601
30934
22070
15907
-5391
-31071
-30255
-20676
-15020
5078
29761
30016
23898
16986
-8152
-32323
-29893
-21766
-15629
6830
31250
31381
22992
16194
-6895
-32106
-31245
-20923
-14168
4986
28620
31684
22552
14645
-6293
-30743
-30994
-20706
-13463
6263
29490
30576
23168
15138
-8385
-31413
-30234
-20936
-13073
6810
30202
30575
21500
13667
-7064
-30924
-30176
-19538
-12821
4830
28567
31832
21922
13898
-5995
-31155
-32045
-20556
-13249
5224
29363
32049
23496
14943
-8061
-31580
-31618
-21228
-13376
6247
30821
32081
21046
13464
-6807
-32127
-31416
-18600
-12035
4728
29732
31521
19643
12978
-5909
-31917
-31310
-17840
-11966
5411
31059
31942
19401
13251
-7009
-32768
-32143
-17797
-11619
5565
31074
31696
19458
13179
-7112
-32768
-31552
-18468
-12490
6482
32126
32289
20446
13683
-8461
-32768
-32632
-18652
-12170
7797
32767
32767
21504
13138
-11354
-32768
-32768
-19619
-10175
11036
32767
31793
20874
12902
-9830
-32768
-32768
-20838
-11352
9084
31735
32492
23584
14784
-8894
-32768
-32768
-21379
-12585
7681
31379
32767
23134
12838
-8646
-32341
-32768
-22693
-9714
8278
30305
32767
26531
13498
-8994
-32768
-32768
-25345
-13442
8550
32767
32767
27649
15258
-9674
-32768
-32768
-24762
-13869
7747
32767
32767
26294
13675
-9332
-32768
-32768
-22461
-10919
7199
30598
32767
24615
12729
-9079
-32434
-32421
-21929
-12531
6803
29260
31816
24198
14259
-8757
-31392
-30584
-21113
-14506
5547
28677
31004
22896
14319
-6470
-29645
-30931
-20299
-13253
4782
28143
31908
23547
14400
-7686
-30668
-30491
-22089
-13855
6093
28159
31318
24925
14870
-8598
-29695
-29068
-22163
-14652
6759
28081
29780
23953
14571
-8327
-29745
-28962
-21498
-12969
6999
27854
29253
22337
14112
-8578
-30479
-28788
-20172
-13348
6121
27507
29477
22785
14484
-7267
-28986
-28705
-20882
-13625
5506
27096
29147
22381
15217
-6794
-29577
-28607
-20383
-13210
6076
27122
27712
22015
14847
-6109
-27012
-26754
-21563
-15226
4905
25709
27140
22658
16602
-5696
-28233
-29408
-21543
-13752
5901
27887
30301
23738
14587
-7537
-29103
-30324
-23072
-14085
5982
27382
30019
23993
14942
-7645
-29507
-31114
-22106
-12367
7558
29072
30508
22421
11056
-10734
-29617
-28962
-20064
-10609
9418
29034
29672
22400
12185
-9961
-31189
-31357
-21652
-11123
8186
29222
31746
23912
13087
-9238
-31106
-32768
-22263
-11040
8068
30312
32767
23404
10803
-10261
-30558
-32217
-21406
-10390
8592
29724
31429
22525
12188
-8751
-31146
-32251
-21084
-11671
6597
29171
32753
23414
13200
-7866
-31053
-32641
-21195
-11755
6415
30278
32619
22106
12242
-8346
-32095
-32768
-20329
-10933
6678
30765
32767
21931
12172
-8262
-32690
-32768
-19788
-10406
7356
31480
32767
21915
11645
-9017
-32768
-32768
-19533
-9750
7697
31948
32767
21047
10701
-9223
-32768
-32768
-19322
-9934
8004
31806
32767
21365
11818
-8952
-32768
-32768
-19278
-10204
7596
31452
32767
20915
11218
-8928
-32768
-32768
-19194
-10375
7675
31747
32767
21334
12066
-8551
-32768
-32768
-20137
-11516
7281
32163
32767
21515
12410
-8640
-32768
-32768
-19640
-10732
7616
32081
32767
21323
11763
-8910
-32768
-32768
-20308
-11396
7824
32239
32767
21860
12258
-9059
-32768
-32768
-20155
-10759
7362
31539
32767
22908
12508
-8679
-32742
-32768
-21061
-12490
7069
31659
32767
22323
12899
-8357
-32768
-32768
-20997
-12842
6508
31629
32767
23224
13672
-7735
-32433
-32768
-21254
-12515
6005
30589
32767
